0.91405 1.23292
1.6251 1.85986
0.47422 0.90169
2.3891 2.49258
2.31902 0.476184
1.20508 1.24228
1.48015 0.846797
0.296692 1.55535
1.40728 1.78769
1.34448 2.72951
0.936007 2.47198
2.2627 0.591281
0.520545 1.81461
0.142182 1.66086
1.50888 0.813429
2.09804 0.298535
2.07181 2.25617
0.700957 0.0983895
1.04483 0.936362
2.84518 2.00443
2.2632 2.20794
0.0824873 0.524158
1.50278 0.808053
0.304115 1.69444
0.689912 0.85324
2.68761 2.08696
2.22664 0.236134
2.41788 2.24929
0.312734 0.524429
1.25211 0.0190894
1.08847 0.703939
0.434263 2.59016
0.45403 2.1055
0.966825 2.08096
1.84659 0.540878
0.581462 1.63086
1.75826 0.535903
2.62254 2.73461
2.77939 0.586209
2.14511 1.36388
1.68068 0.404008
1.1189 1.4313
0.814141 1.69499
2.1405 1.57852
2.65991 2.39713
2.51207 2.68556
0.89905 0.97974
1.09816 1.24856
1.85596 0.659956
2.4445 0.370706
2.27363 2.55017
2.26091 2.19363
2.65472 0.882578
1.62158 1.30553
0.836872 1.47575
1.50145 2.4204
2.22585 2.09413
2.58057 0.266455
1.33483 2.48502
1.81939 0.0775573
0.764625 0.670183
2.93243 2.07371
1.1541 0.313281
1.53772 0.262719
0.308402 1.32913
2.37227 2.59854
2.35443 2.67243
1.96654 2.22296
2.38893 0.465384
1.78938 1.7979
1.73789 0.693587
1.02099 2.56389
0.355506 2.01224
2.59778 2.04685
2.33629 1.00913